5
100
91,-5,25,-7,-22,1
-13,-77,25,82,-14,1
18,52,-71,-66,27,-1
-11,10,82,-36,84,1
5,-54,-55,50,80,-1
37,79,45,-95,96,1
-95,15,7,8,17,-1
85,74,-48,88,-74,1
-22,29,12,-41,58,-1
-43,58,24,-65,-76,1
-39,0,-73,-42,-54,-1
-58,2,-30,-54,-100,1
-40,78,86,11,-10,-1
41,36,66,-22,-87,1
-29,66,17,70,-6,-1
25,-74,57,-3,-48,1
-79,81,-92,94,-33,-1
31,-62,13,-56,-38,1
-25,100,-74,64,14,-1
60,72,59,81,-21,1
85,68,-4,22,-14,-1
-24,56,-91,2,76,1
-78,-82,29,69,24,-1
53,-69,-56,-35,84,1
-84,68,-7,-89,48,-1
74,-26,-52,-48,-10,1
14,-78,59,-61,85,-1
60,-79,-3,-19,-16,1
44,-80,-7,5,43,-1
91,-95,-77,38,-94,1
-48,45,31,-25,-30,-1
10,24,-60,-3,47,1
11,-76,-90,-57,-28,-1
62,-7,11,-64,-38,1
-72,-45,87,-46,0,-1
-16,55,99,28,20,1
-11,-50,-67,13,83,-1
67,48,61,-62,-55,1
28,-95,57,99,-38,-1
39,63,-90,93,-81,1
-44,83,15,-39,-1,-1
54,39,30,-30,-79,1
16,5,-16,100,-37,-1
55,94,-7,-24,92,1
-90,13,-13,-22,70,-1
-86,-7,-10,-99,48,1
-70,-39,69,18,-49,-1
65,-81,-25,100,98,1
43,-35,89,-54,-18,-1
-75,-96,35,16,-62,1
92,-86,-57,-6,-28,-1
-33,60,-49,-45,90,1
-28,-33,-61,-22,10,-1
-66,-46,95,79,20,1
29,71,-75,82,75,-1
-38,69,-37,15,-73,1
88,51,61,-42,-95,-1
-2,-55,-22,46,-36,1
2,85,-83,28,56,-1
38,11,-32,97,55,1
-4,34,85,62,-92,-1
21,-20,-65,29,-60,1
69,47,89,-23,-48,-1
-9,-46,46,-65,86,1
40,-5,39,49,59,-1
-36,-86,46,-67,-2,1
-37,57,33,-29,16,-1
96,52,53,-9,-41,1
20,-62,-75,79,-77,-1
5,72,14,-60,48,1
21,-17,9,-9,44,-1
-13,-87,-89,91,-88,1
-18,7,-75,-14,61,-1
71,-24,92,-26,93,1
63,75,-65,-62,-77,-1
22,45,-71,35,80,1
86,-72,-49,-65,48,-1
-80,11,-64,59,27,1
-41,-95,62,40,-36,-1
49,63,-65,-98,48,1
3,-44,-40,76,36,-1
98,2,84,-17,89,1
-54,1,-27,18,33,-1
-45,16,-66,52,80,1
-97,-8,1,12,78,-1
-4,-99,-82,-25,98,1
52,-77,70,-75,-18,-1
67,59,-2,60,47,1
44,84,97,-7,91,-1
-49,-2,-11,-74,95,1
-18,-42,-13,-66,-55,-1
-95,5,97,7,-25,1
0,-86,37,72,59,-1
16,-84,-14,-30,-97,1
44,-45,-6,-7,-20,-1
89,-63,27,-89,-97,1
-73,-64,76,22,-25,-1
-42,-58,87,-99,-69,1
-47,-7,-13,54,-99,-1
99,70,89,-81,-33,1
7,43,50,-39,31
-72,-24,-78,90,100
3,-62,26,82,44
43,-98,-92,23,53
17,45,80,15,81
66,20,46,-26,76
76,8,66,-66,96
70,-79,99,84,92
85,81,56,-56,-62
-75,-59,64,-36,65
4,23,87,-92,62
-68,-66,-95,29,52
36,-42,-85,-70,-23
-33,50,24,36,-17
-37,-67,-29,0,-38
38,96,-70,68,-99
10,-45,-54,-89,-78
10,35,100,-12,4
-73,-15,6,55,-28
-43,-66,45,-17,-9
-24,26,-53,65,-41
41,-73,25,-58,-38
81,96,-43,-14,-47
-24,78,60,-10,-5
-72,62,-12,61,-69
56,-27,-83,-6,-64
34,69,-55,-51,5
-41,-6,-61,14,3
96,32,69,-61,23
21,57,-88,53,12
-36,68,94,0,-1
-48,44,56,9,-79
47,98,-80,82,-86
88,5,-65,84,-12
77,-99,-4,19,-42
-86,-47,-13,-17,62
-89,12,-71,-28,85
57,-30,-36,19,56
-61,6,-10,74,-85
57,-79,37,-81,14
3,-75,-12,-34,25
99,24,2,-2,-100
82,33,-73,-44,2
-86,-18,11,-44,-82
14,88,-33,38,-97
97,-24,52,-26,92
-85,-69,-74,85,39
-21,-33,21,-68,45
49,-96,-100,-7,-48
32,13,-65,40,-41
-100,-3,51,39,-39
-5,37,14,-54,62
4,52,-93,33,-88
22,-32,-6,71,51
-2,43,6,23,-18
-66,72,28,-10,29
-53,80,-1,72,43
-15,-14,0,-86,47
-29,73,-7,82,31
78,-17,44,34,63
82,40,-66,64,-80
-92,-13,42,71,7
64,-100,-40,58,49
-95,-23,-82,2,-84
96,-46,-37,-62,-15
-94,88,59,18,16
97,43,-6,74,100
-47,3,35,-52,-82
52,-52,24,-55,32
28,-20,-40,-59,57
-53,29,-56,-19,-96
35,55,-11,-37,84
-7,-88,-5,49,-59
20,-96,-64,-76,91
76,-95,91,92,-61
-74,74,-77,-85,-67
65,80,67,-42,-35
84,-79,37,-57,0
-56,79,-55,69,-78
20,43,-23,-89,-31
-2,-97,19,2,26
77,63,38,-60,-54
-76,-34,-22,88,19
-64,21,13,58,-89
81,-89,-16,2,47
-100,63,35,100,-59
100,90,-58,-45,18
80,97,-53,-9,51
54,-30,38,-55,26
-86,40,-22,-40,6
-4,60,62,22,79
10,42,2,-86,-40
69,-4,-54,-21,18
-63,8,26,4,-53
-82,-1,-16,-17,-78
-66,64,73,98,6
72,-29,48,30,51
-12,73,2,-31,14
80,-86,-39,74,-69
6,49,-15,57,84
