4
200
0.28,0.23,0.64,0.94,1
0.37,0.75,0.06,0.20,1
0.10,0.00,0.29,0.02,-1
0.98,0.70,0.87,0.94,1
0.23,0.97,0.27,0.41,-1
0.36,0.64,0.12,0.35,1
0.08,0.07,0.01,0.51,-1
0.00,0.16,0.86,0.95,-1
0.09,0.13,0.28,0.67,1
0.01,0.05,0.28,0.44,-1
0.52,0.01,0.86,0.62,1
0.99,0.63,0.16,0.44,-1
0.52,0.39,0.15,0.43,1
0.27,0.30,0.56,0.98,1
0.37,0.56,0.72,0.34,1
0.51,0.85,0.40,0.86,-1
0.98,0.38,0.34,0.98,-1
0.20,0.19,0.18,0.31,1
0.56,0.84,0.25,0.86,1
0.87,0.99,0.83,0.26,-1
0.15,0.80,0.91,0.65,-1
0.43,0.63,0.21,0.19,1
0.73,0.13,0.29,0.10,1
0.92,0.19,0.10,0.42,-1
0.72,0.46,0.11,0.37,1
0.97,0.79,0.37,0.76,-1
0.94,0.19,0.46,0.17,1
0.99,1.00,0.45,0.86,-1
0.98,0.83,0.16,0.54,1
0.85,0.67,0.03,0.06,1
0.39,0.14,0.35,0.52,1
0.69,0.04,0.61,0.00,-1
0.48,0.62,0.70,0.94,-1
0.74,0.75,0.20,0.61,1
0.92,0.92,0.61,0.68,1
0.98,0.85,0.32,0.75,1
0.20,0.65,0.29,0.38,-1
0.07,0.78,0.97,0.67,-1
0.11,0.19,0.26,0.99,-1
0.46,0.14,0.24,0.40,1
0.63,0.40,0.30,0.02,1
0.65,0.59,0.76,0.33,1
0.22,0.76,0.14,0.46,-1
0.46,0.25,0.75,0.85,1
0.20,0.44,0.30,0.50,-1
0.07,0.65,0.14,0.03,1
0.10,0.34,0.07,0.91,1
0.07,0.47,0.82,0.14,1
0.65,0.21,0.97,0.56,1
0.25,0.04,0.72,0.14,-1
0.01,0.41,0.96,0.40,-1
0.54,0.33,0.84,0.60,1
0.49,0.55,0.25,0.79,1
0.36,0.10,0.45,0.70,-1
0.54,0.34,0.88,0.40,-1
0.14,0.90,0.07,0.39,1
0.07,0.26,0.65,0.35,1
0.35,0.14,0.87,0.96,-1
0.83,0.93,0.09,0.30,1
0.84,0.38,0.72,0.69,-1
0.56,0.15,0.97,0.05,1
0.55,0.54,0.23,0.59,1
0.37,0.21,0.73,0.30,-1
0.95,0.84,0.04,0.81,-1
0.57,0.56,0.03,0.09,1
0.97,0.56,0.33,0.08,1
0.13,0.29,0.81,0.75,1
0.11,0.60,0.86,0.31,-1
0.97,0.67,0.40,0.88,-1
0.44,1.00,0.80,0.35,1
0.83,0.03,0.09,0.12,1
0.76,0.34,0.49,0.53,-1
0.15,0.27,0.80,0.05,-1
0.06,0.91,0.32,0.71,-1
0.60,0.87,0.14,0.19,1
0.14,0.90,0.62,0.05,1
0.52,0.18,0.52,0.10,1
0.68,0.08,0.09,0.86,-1
0.34,0.35,0.45,0.19,1
0.62,0.58,0.86,0.70,1
0.30,0.90,0.40,0.84,-1
0.07,0.36,0.12,0.48,1
0.71,0.05,0.49,0.33,1
0.99,0.68,0.66,0.60,-1
0.44,0.47,0.74,0.46,-1
0.23,0.81,0.29,0.18,-1
0.85,0.96,0.36,0.33,1
0.45,0.63,0.00,0.03,1
0.23,0.87,0.68,0.17,1
0.88,0.42,0.83,0.45,-1
0.04,0.65,0.10,0.10,-1
0.26,0.03,0.02,0.84,-1
0.33,0.51,0.44,0.73,1
0.63,0.88,0.12,0.94,1
0.84,0.77,0.41,0.62,1
0.07,0.28,0.66,0.32,-1
0.40,0.78,0.96,0.92,1
0.62,0.61,0.22,0.96,1
0.13,0.18,0.76,0.99,1
0.87,0.26,0.42,0.49,-1
0.25,0.66,0.93,0.83,1
0.62,0.69,0.68,0.73,-1
1.00,0.55,0.66,0.17,1
0.59,0.23,0.96,0.81,1
0.19,0.51,0.50,0.85,-1
0.87,0.96,0.29,0.67,1
0.24,0.17,0.85,0.94,1
0.27,0.59,0.88,0.46,1
0.06,0.83,0.70,0.64,-1
0.76,0.94,0.40,0.08,-1
0.26,0.35,0.20,0.95,-1
0.66,0.25,0.85,0.65,1
0.48,0.77,0.03,0.09,1
0.07,0.20,0.33,0.11,1
0.32,0.40,0.38,0.58,-1
0.96,0.40,0.84,0.96,-1
0.70,0.99,0.35,0.87,1
0.64,0.27,0.67,0.47,1
0.34,1.00,0.69,0.46,-1
0.50,0.61,0.73,0.93,1
0.60,0.09,0.45,0.35,-1
0.84,0.35,0.12,0.93,1
0.57,0.29,0.30,0.82,1
0.61,0.01,0.22,0.62,1
0.68,0.08,0.01,0.06,-1
0.69,0.97,0.97,0.51,1
1.00,0.19,0.87,0.24,1
0.60,0.71,0.13,0.56,1
0.70,0.70,0.42,0.25,-1
0.66,0.49,0.68,0.66,-1
0.46,0.81,0.48,0.61,1
0.28,0.96,0.95,0.44,1
0.96,0.22,0.71,0.25,1
0.16,0.06,0.56,0.01,-1
0.90,0.81,1.00,0.58,1
0.58,0.25,0.66,0.55,-1
0.80,0.42,0.96,0.69,1
0.30,1.00,0.57,0.79,-1
0.77,0.94,0.85,0.26,1
0.71,0.98,0.63,0.32,-1
0.09,0.42,0.33,1.00,1
0.32,0.75,0.29,0.69,-1
0.16,0.69,0.15,0.29,1
0.45,0.79,0.34,0.24,-1
0.87,0.80,0.81,0.59,1
0.73,0.14,0.64,0.42,-1
0.75,0.58,0.56,0.35,1
0.50,0.12,0.39,0.19,-1
0.74,0.17,0.23,0.11,1
0.19,0.09,0.54,0.24,-1
0.79,0.33,0.42,0.19,1
0.97,0.48,0.44,0.34,-1
0.54,0.51,0.31,0.87,1
0.20,0.22,0.44,0.36,1
0.87,0.73,0.03,0.75,1
0.36,0.23,0.16,0.47,1
0.44,0.23,0.35,0.94,1
0.80,0.67,0.22,0.55,-1
0.49,0.63,0.45,0.27,-1
0.11,0.50,0.31,0.98,1
0.26,0.93,0.98,0.03,1
0.92,0.53,0.86,0.28,1
0.04,0.86,0.52,0.88,-1
0.71,0.58,0.16,0.83,-1
0.91,0.22,0.59,0.18,1
0.19,0.72,0.36,0.80,1
0.82,0.27,0.13,0.29,1
0.97,0.24,0.70,0.76,-1
0.51,0.78,0.52,0.78,-1
0.19,0.85,0.83,0.28,-1
0.07,0.11,0.08,0.06,-1
0.84,0.25,0.91,0.08,1
0.05,0.30,0.79,0.43,1
0.63,0.45,0.55,0.55,-1
0.59,0.50,0.69,0.26,1
0.77,0.58,0.63,0.07,-1
0.62,0.44,0.66,0.52,1
0.03,0.95,0.26,0.51,1
0.43,0.97,0.32,0.68,-1
0.34,0.71,0.11,0.69,1
0.31,0.92,0.79,0.37,-1
0.64,0.98,0.36,0.95,1
0.71,0.91,0.55,0.92,1
0.13,0.94,0.58,0.58,-1
0.75,0.18,0.89,0.48,1
0.92,0.48,0.39,0.27,-1
0.19,0.52,0.21,0.94,1
0.22,0.41,0.83,0.60,-1
0.82,0.20,0.78,0.95,1
0.78,0.60,0.25,0.91,-1
0.27,0.28,0.34,0.76,1
0.17,0.64,0.34,0.84,-1
0.70,0.35,0.11,1.00,1
0.66,0.43,0.02,0.45,1
0.17,0.42,0.07,0.06,-1
0.95,0.70,0.93,0.14,1
0.46,0.25,0.37,0.34,1
0.91,0.93,0.65,0.41,1
0.74,0.40,0.20,0.92,1
0.51,0.53,0.34,0.60,1
0.96,0.29,0.94,0.73
0.95,0.03,0.61,0.67
0.35,0.40,0.40,0.42
0.20,0.46,0.70,0.49
0.57,0.67,0.54,0.19
0.20,0.92,0.88,0.51
0.99,0.38,0.83,0.16
0.77,0.49,0.80,0.09
0.13,0.09,0.65,0.26
0.87,0.45,0.37,0.40
0.28,0.84,0.61,0.35
0.92,0.76,0.84,0.24
0.49,0.64,0.88,0.77
0.51,0.88,0.23,0.16
0.40,0.34,0.36,0.67
0.84,0.04,0.56,0.06
0.95,0.28,0.26,0.46
0.08,0.23,0.71,0.04
0.44,0.58,0.33,0.08
0.96,0.77,0.14,0.53
0.23,0.25,0.41,0.23
0.18,0.12,0.91,0.27
0.89,1.00,0.66,0.37
0.71,0.95,0.16,0.45
0.90,0.69,0.47,0.48
0.12,0.17,0.54,0.95
0.11,0.28,0.12,0.51
0.08,0.53,0.90,0.62
0.81,0.09,0.78,0.01
0.83,0.71,0.37,0.94
0.99,0.32,0.64,0.63
0.75,0.86,0.00,0.03
0.83,0.61,0.09,0.33
0.84,0.06,0.35,0.92
0.46,0.05,0.85,0.91
0.49,0.06,0.67,0.13
0.95,0.56,0.68,0.17
0.37,0.05,0.57,0.74
0.68,0.02,0.29,0.88
0.95,0.84,0.52,0.61
0.79,0.69,0.36,0.59
0.76,0.11,0.25,0.00
0.14,0.43,0.33,0.14
0.85,0.83,0.44,0.91
0.74,0.57,0.62,0.98
0.76,0.03,0.92,0.00
0.63,0.32,0.78,0.50
0.49,0.69,0.28,0.73
0.19,0.68,0.86,0.63
0.27,0.12,0.80,0.77
0.40,0.10,0.17,0.31
0.29,0.42,0.71,0.20
0.36,0.66,0.28,0.04
0.79,0.00,0.14,0.68
0.30,0.86,0.70,0.25
0.48,0.86,0.78,0.79
0.79,0.97,0.32,0.07
0.61,0.35,1.00,0.99
0.71,0.64,0.78,0.20
0.56,0.75,0.76,0.53
0.09,0.11,0.86,0.91
0.52,0.03,0.18,0.49
0.23,0.91,0.95,0.41
0.17,0.19,0.25,0.93
0.29,0.82,0.66,0.60
0.87,0.74,0.37,0.83
0.02,0.61,0.10,0.38
0.19,0.29,0.02,0.11
0.76,0.24,0.81,0.15
0.90,0.82,0.32,0.00
0.23,0.14,0.70,0.15
0.81,0.18,0.99,0.83
0.76,0.66,0.61,0.81
0.45,0.13,0.30,0.04
0.04,0.04,0.46,0.08
0.79,0.02,0.42,0.71
0.76,0.70,0.30,0.63
0.95,0.18,0.05,0.50
0.24,0.73,0.74,0.20
0.97,0.34,0.18,0.25
0.08,0.84,0.56,0.84
0.05,0.63,0.60,0.77
0.80,0.44,0.52,0.48
0.91,0.77,0.83,0.17
0.98,0.98,0.55,0.25
0.53,0.35,0.38,0.06
0.31,0.94,0.03,0.21
0.26,0.74,0.98,0.04
0.06,0.45,0.82,0.25
0.77,0.38,0.33,0.59
0.29,0.58,0.73,0.92
0.21,0.14,0.33,0.14
0.18,0.22,0.51,0.01
0.20,0.24,0.07,0.16
0.50,0.17,0.83,0.50
0.85,0.35,0.08,0.41
0.09,0.42,0.22,0.91
0.48,0.41,0.18,0.17
0.67,0.29,0.01,0.82
0.82,0.65,0.62,0.80
0.43,0.30,0.10,0.48
0.88,0.98,0.16,0.73
0.40,0.36,0.33,0.40
0.04,0.67,0.89,0.05
0.74,0.22,0.83,0.80
0.47,0.52,0.30,0.24
0.13,0.01,0.20,0.60
0.73,0.25,0.58,0.01
0.07,0.67,0.80,0.25
0.24,0.14,0.21,0.36
0.14,0.26,0.79,0.23
0.82,0.86,0.06,0.66
0.95,0.05,0.89,0.07
0.39,0.71,1.00,0.56
0.17,0.26,0.33,0.46
0.76,0.40,0.88,0.38
0.89,0.21,0.00,0.92
0.26,0.18,0.00,0.32
0.97,0.33,0.51,0.71
0.45,0.84,0.98,0.14
0.11,0.56,0.69,0.43
0.31,0.94,0.10,0.07
0.07,0.02,0.93,0.09
0.74,0.42,0.59,0.38
0.03,0.14,0.01,0.21
0.04,0.12,0.90,0.23
0.99,0.47,0.57,0.07
0.81,0.91,0.32,0.39
0.72,0.20,0.19,0.54
0.00,0.52,0.81,0.49
0.99,0.08,0.04,0.81
0.86,0.52,0.49,0.42
0.70,0.99,0.87,0.05
0.82,0.49,0.72,0.06
0.87,0.35,0.37,0.77
0.25,0.21,0.92,0.52
0.11,0.28,0.68,0.72
0.65,0.59,0.02,0.99
0.93,0.80,0.95,0.25
0.50,0.09,0.15,0.10
0.79,0.31,0.01,0.88
0.48,0.80,0.79,0.41
0.92,0.08,0.54,0.87
0.78,0.06,0.48,0.26
0.06,0.86,0.70,0.63
0.37,0.40,0.14,0.73
0.98,0.96,0.33,0.68
0.57,0.47,0.38,0.81
0.99,0.02,0.85,0.51
0.90,0.50,0.81,0.77
0.10,0.81,0.92,0.66
0.58,0.91,0.45,0.63
0.16,0.30,0.82,0.05
0.40,0.36,0.50,0.92
0.59,0.05,0.31,0.52
0.68,0.80,0.24,0.73
0.69,0.63,0.53,0.56
0.31,0.13,0.94,0.02
0.05,0.97,0.28,1.00
0.30,0.55,0.13,0.38
0.83,0.62,0.07,0.82
0.12,0.21,0.23,0.15
0.55,0.38,0.50,0.15
0.87,0.98,0.42,0.15
0.37,0.62,0.54,0.17
0.82,0.14,0.95,0.42
1.00,0.41,0.94,0.19
0.94,0.06,0.79,0.49
0.46,0.52,0.73,0.95
0.83,0.52,0.16,0.22
0.15,0.30,0.27,0.86
0.49,0.12,0.88,0.92
0.07,0.20,0.76,0.35
0.67,0.77,0.47,0.81
0.25,0.50,0.57,1.00
0.00,0.97,0.25,0.12
0.20,0.84,0.65,0.67
0.26,0.37,0.58,0.54
0.24,0.81,0.75,0.97
0.97,0.32,0.96,0.22
0.65,0.57,0.56,0.89
0.79,0.03,0.12,0.59
0.21,0.57,0.99,0.74
0.09,0.72,0.62,0.10
0.70,0.62,0.30,0.04
0.94,0.99,0.76,0.41
0.76,0.74,0.03,0.88
0.90,0.74,0.26,0.44
0.04,0.55,0.07,0.93
0.51,0.95,0.91,0.54
0.83,0.75,0.83,0.22
0.22,0.23,0.50,0.26
0.51,0.60,0.62,0.03
0.53,0.26,0.38,0.83
0.15,0.20,0.17,0.32
0.18,0.67,0.15,0.54
0.49,0.28,0.15,0.68
0.88,0.67,0.35,0.45
0.49,0.97,0.59,0.01
0.22,0.48,0.24,0.11
